0 0.396875 0.421875 0.10078125 0.046875
0 0.471875 0.3390625 0.0734375 0.03359375
0 0.4015625 0.3828125 0.09921875 0.0421875
0 0.35703125 0.34765625 0.0859375 0.04140625
0 0.10625 0.75703125 0.0890625 0.1046875
0 0.578125 0.81640625 0.234375 0.1953125
0 0.56015625 0.50078125 0.1796875 0.1078125
0 0.64453125 0.40546875 0.1515625 0.065625
0 0.54453125 0.37265625 0.1328125 0.05546875
0 0.5546875 0.325 0.0546875 0.03359375
0 0.6578125 0.3328125 0.10859375 0.04921875
0 0.59453125 0.3046875 0.090625 0.0296875
0 0.553125 0.2796875 0.08671875 0.02578125
0 0.60703125 0.24296875 0.0546875 0.028125
0 0.67109375 0.2359375 0.0421875 0.03125
0 0.45546875 0.25078125 0.0671875 0.0375
0 0.40234375 0.2953125 0.07265625 0.034375
0 0.3125 0.3875 0.05859375 0.034375
