0 0.10703125 0.25625 0.2125 0.18828125
0 0.2953125 0.21484375 0.0453125 0.0578125
0 0.69765625 0.19609375 0.05234375 0.05078125
0 0.72578125 0.6625 0.06796875 0.11640625
0 0.63515625 0.790625 0.08984375 0.06171875
0 0.525 0.659375 0.059375 0.07265625
0 0.44921875 0.475 0.68046875 0.24453125
0 0.628125 0.29921875 0.30625 0.11015625
0 0.4484375 0.11015625 0.07421875 0.09609375
0 0.38828125 0.696875 0.1109375 0.10234375
0 0.34921875 0.85 0.36796875 0.20390625
0 0.228125 0.0640625 0.2953125 0.11484375
