0 0.1375 0.50859375 0.11328125 0.05703125
0 0.30390625 0.44375 0.134375 0.09765625
0 0.41015625 0.55078125 0.31875 0.11796875
0 0.21328125 0.65390625 0.26875 0.1734375
0 0.42890625 0.7875 0.484375 0.115625
0 0.79296875 0.70703125 0.36953125 0.22421875
0 0.84140625 0.94140625 0.13046875 0.1109375
0 0.5890625 0.440625 0.10234375 0.04453125
0 0.74453125 0.48984375 0.21015625 0.0703125
0 0.92890625 0.496875 0.121875 0.05234375
0 0.8265625 0.575 0.171875 0.10703125
0 0.69765625 0.4359375 0.05859375 0.04296875
0 0.6765625 0.3953125 0.0578125 0.0359375
