0 0.54765625 0.4984375 0.10859375 0.07265625
0 0.7 0.56171875 0.09765625 0.0828125
0 0.81796875 0.56328125 0.11640625 0.0703125
0 0.94765625 0.5453125 0.0921875 0.06640625
0 0.51328125 0.37578125 0.08125 0.05
0 0.46015625 0.33125 0.06640625 0.03046875
0 0.28125 0.5515625 0.13046875 0.07734375
0 0.240625 0.7359375 0.109375 0.07578125
0 0.315625 0.665625 0.078125 0.08203125
0 0.3765625 0.7421875 0.078125 0.05703125
0 0.3359375 0.8171875 0.0953125 0.0625
0 0.37265625 0.94453125 0.13671875 0.09609375
0 0.5546875 0.890625 0.1453125 0.1390625
0 0.11328125 0.5953125 0.1171875 0.053125
0 0.184375 0.45859375 0.0796875 0.0546875
0 0.28828125 0.44296875 0.075 0.0453125
0 0.18046875 0.35 0.06328125 0.04609375
0 0.0390625 0.41875 0.07578125 0.05546875
0 0.03125 0.4734375 0.046875 0.03203125
0 0.0546875 0.528125 0.09375 0.03671875
0 0.26796875 0.8484375 0.0703125 0.0703125