0 0.67421875 0.62421875 0.29140625 0.2203125
0 0.8828125 0.4375 0.15234375 0.09765625
0 0.925 0.7453125 0.14140625 0.1359375
0 0.96875 0.51875 0.05546875 0.09609375
0 0.3421875 0.84921875 0.44453125 0.28359375
0 0.796875 0.95 0.21328125 0.09375
0 0.325 0.42578125 0.403125 0.21796875
0 0.57734375 0.34296875 0.15234375 0.0578125
0 0.6953125 0.378125 0.15 0.078125
0 0.85703125 0.2546875 0.103125 0.1375
0 0.6921875 0.28125 0.078125 0.04296875
0 0.49140625 0.28046875 0.215625 0.07578125
0 0.271875 0.28671875 0.10078125 0.04140625
0 0.03671875 0.70390625 0.0734375 0.11484375
0 0.2140625 0.2328125 0.203125 0.08203125
0 0.40546875 0.2171875 0.09296875 0.046875
0 0.47578125 0.18671875 0.0640625 0.04296875
0 0.63203125 0.19140625 0.17890625 0.0625
0 0.69453125 0.13203125 0.1046875 0.0578125
0 0.76171875 0.0765625 0.1859375 0.0859375
0 0.5890625 0.1046875 0.1359375 0.046875
0 0.353125 0.159375 0.25546875 0.0625
0 0.32890625 0.0421875 0.1375 0.05
0 0.53984375 0.04296875 0.20234375 0.065625